# 2.379774445235429
1.983766863662342228e+00 -3.026611976932721326e+00 5.985857461874448220e-03
2.035607323570726379e+00 -2.490590691821721769e+00 3.862570491245809288e-03
2.087447783479110974e+00 -2.289920301098564703e+00 3.666924032593569128e-03
2.139288243387495125e+00 -2.203995813079006716e+00 3.972833448266669711e-03
2.191128703295879276e+00 -2.181014342294790964e+00 4.627754514251051880e-03
2.242969163204263872e+00 -2.199468947270708963e+00 5.654032564396546667e-03
2.294809623112648023e+00 -2.245308624838921574e+00 7.129167754960279678e-03
2.346650083021032174e+00 -2.289505910865585747e+00 8.972183908346722386e-03
2.398490542929416769e+00 -2.323057618441359828e+00 1.115410454320270306e-02
2.450331002837800476e+00 -2.367323502235399779e+00 1.403874683724680092e-02
2.502171462746185071e+00 -2.435318031494065671e+00 1.815876452408816955e-02
2.554011922654569222e+00 -2.530687648157068814e+00 2.423995420990901484e-02
2.605852382562953373e+00 -2.557388845539092070e+00 2.989806513193188700e-02
2.657692842471337968e+00 -2.713312696406458446e+00 4.279230683644667105e-02
2.709533302379722119e+00 -2.799776529744337772e+00 5.654032564396546667e-02
2.761373762288106271e+00 -3.034895919949720078e+00 8.864998989744581059e-02
2.813214222196490866e+00 -3.113457746257934478e+00 1.160700825891759908e-01
2.865054682104875017e+00 -3.405094397875004564e+00 1.942223967577446087e-01
2.916895142013259168e+00 -3.647513026821886051e+00 3.070925731856877783e-01
2.968735601921643763e+00 -3.793021642760713519e+00 4.342944819032517612e-01
