# 5.2134323873607435
2.101684577939638476e+00 -4.491870632787956730e+00 1.627587382712634631e-02
2.133687847429685203e+00 -3.922619959935260692e+00 9.438954275932928684e-03
2.165691116919731929e+00 -3.756306112875939185e+00 8.705061886939664123e-03
2.197694386409778211e+00 -3.719861467165857860e+00 9.322973384293555335e-03
2.229697655899824937e+00 -3.748123788140295787e+00 1.075698366425910900e-02
2.261700925389871664e+00 -3.795003571958583954e+00 1.268046866651224326e-02
2.293704194879918390e+00 -3.851837827054048091e+00 1.512019308084245998e-02
2.325707464369965116e+00 -3.939084702027263685e+00 1.867177815493047122e-02
2.357710733860011842e+00 -4.060398314952013976e+00 2.397990120123046770e-02
2.389714003350058569e+00 -4.155979894895853732e+00 2.989806513193188700e-02
2.421717272840104851e+00 -4.241237741469318756e+00 3.683637717714365739e-02
2.453720542330151577e+00 -4.348723480634655303e+00 4.656125578593622166e-02
2.485723811820198303e+00 -4.421380913140989577e+00 5.654032564396546667e-02
2.517727081310245030e+00 -4.564744199270737823e+00 7.448088918160659933e-02
2.549730350800291756e+00 -4.638485471825259943e+00 9.055665942227740517e-02
2.581733620290338482e+00 -4.728112240317031478e+00 1.121343530507381836e-01
2.613736889780384764e+00 -5.030042440518924352e+00 1.772999797948916212e-01
2.645740159270431491e+00 -5.411153886768452992e+00 3.070925731856877228e-01
2.677743428760478217e+00 -5.616174073962294067e+00 4.342944819032517612e-01
2.709746698250524943e+00 -5.219134269828171746e+00 3.070925731856877228e-01
