# 0.3558821066938469
1.835401399865567829e+00 -2.480317047539185804e+00 8.684152981117144662e-03
1.899563152439194713e+00 -1.682916010995187950e+00 4.327823851100952475e-03
1.963724905012821598e+00 -1.232459200492730167e+00 3.215761264713176866e-03
2.027886657586448926e+00 -1.011185410500134108e+00 3.110924946187621030e-03
2.092048410160075811e+00 -9.327460239644023154e-01 3.547418847343852301e-03
2.156210162733702695e+00 -8.932462564285125195e-01 4.230631650838923875e-03
2.220371915307329580e+00 -8.767492394071858541e-01 5.180829912144420402e-03
2.284533667880956909e+00 -8.808235805631604576e-01 6.496495380514608238e-03
2.348695420454583793e+00 -8.811209845561543963e-01 8.110926479830690011e-03
2.412857173028211122e+00 -8.770177101241372064e-01 1.007538050179652804e-02
2.477018925601838006e+00 -8.947726753849695180e-01 1.283457724024859858e-02
2.541180678175464891e+00 -8.906889990609686558e-01 1.594345200202012050e-02
2.605342430749091776e+00 -9.361503544343907635e-01 2.096793517226666279e-02
2.669504183322718660e+00 -9.645026829350069608e-01 2.703799343872066718e-02
2.733665935896345989e+00 -1.056532332812544439e+00 3.751732903204346714e-02
2.797827688469973317e+00 -1.072073781080399524e+00 4.767001242371640690e-02
2.861989441043600202e+00 -1.145454101960245996e+00 6.474079891924823527e-02
2.926151193617227086e+00 -1.159023326672489640e+00 8.207394249168897815e-02
2.990312946190853971e+00 -1.334514854246203308e+00 1.253700180172057643e-01
3.054474698764480856e+00 -1.179818157414725510e+00 1.309447131813526455e-01
