# 0.8384162872525445
1.872729643312991854e+00 -2.592528724140354512e+00 7.456866869254299111e-03
1.933594661282845628e+00 -1.879238732886922003e+00 4.047705629883799165e-03
1.994459679252699180e+00 -1.473770009583261542e+00 3.131641835371100965e-03
2.055324697222552732e+00 -1.306644834231074581e+00 3.187917145011092725e-03
2.116189715192406506e+00 -1.240775011954917018e+00 3.646444780267283064e-03
2.177054733162260280e+00 -1.210313410766387765e+00 4.344465648201084433e-03
2.237919751132113610e+00 -1.199657381289047198e+00 5.295486678034666897e-03
2.298784769101967385e+00 -1.215511550284356757e+00 6.654730790234418894e-03
2.359649787071821159e+00 -1.217243024360596504e+00 8.227990001123213631e-03
2.420514805041674489e+00 -1.222430656399639881e+00 1.021374705375578673e-02
2.481379823011528263e+00 -1.247428416034449761e+00 1.297124030089088186e-02
2.542244840981382037e+00 -1.270583552096700597e+00 1.643828856548629549e-02
2.603109858951235367e+00 -1.306531469848624560e+00 2.114112459914610845e-02
2.663974876921089141e+00 -1.337629160937510386e+00 2.703799343872067065e-02
2.724839894890942915e+00 -1.529227315050552427e+00 4.159786702934363534e-02
2.785704912860796245e+00 -1.486431667791177524e+00 4.886194670282845848e-02
2.846569930830650019e+00 -1.538705873490483933e+00 6.403322795909302534e-02
2.907434948800503793e+00 -1.740115050309667621e+00 9.963398728176993402e-02
2.968299966770357567e+00 -1.882031087913610179e+00 1.447648273010839204e-01
3.029164984740210897e+00 -1.699436034004046858e+00 1.447648273010839481e-01
