# 3.5825756949558407
2.042050101459836231e+00 -3.572514296346057883e+00 7.805196395096357896e-03
2.084847768370824639e+00 -3.057263003512334709e+00 4.999823681604421803e-03
2.127645435281813491e+00 -2.905179921475339100e+00 4.865300269593332387e-03
2.170443102192802343e+00 -2.846394412512371908e+00 5.271247335270414468e-03
2.213240769103790750e+00 -2.851120815722951729e+00 6.144309679326974589e-03
2.256038436014779158e+00 -2.891535048047449319e+00 7.462368874628595716e-03
2.298836102925768010e+00 -2.966416575442555992e+00 9.430049600105488983e-03
2.341633769836756862e+00 -3.014729546510361846e+00 1.155758145555156949e-02
2.384431436747745270e+00 -3.081928733053861169e+00 1.447648273010839273e-02
2.427229103658733678e+00 -3.181866609465167972e+00 1.882905374838110546e-02
2.470026770569722530e+00 -3.266167640959315221e+00 2.405334670613814771e-02
2.512824437480711381e+00 -3.341362072868388822e+00 3.040669568061932920e-02
2.555622104391700233e+00 -3.395494441196508895e+00 3.751732903204346020e-02
2.598419771302688641e+00 -3.485721219949706295e+00 4.825494243369465169e-02
2.641217438213677049e+00 -3.760663259775480327e+00 7.677314329642191681e-02
2.684015105124665901e+00 -3.882147732259118023e+00 1.023641910618958983e-01
2.726812772035654753e+00 -4.054784727190128280e+00 1.447648273010839481e-01
2.769610438946643161e+00 -4.403512981176829655e+00 2.507400360344114731e-01
2.812408105857631568e+00 -4.451211239499541783e+00 3.070925731856876673e-01
2.855205772768620420e+00 -4.623848234430560922e+00 4.342944819032517612e-01
