# 0.0
1.807579225679181167e+00 -2.503103332161808137e+00 3.290757134652046433e-05
1.875457290517491327e+00 -1.624202309254743515e+00 1.144362032143945442e-04
1.943335355355801930e+00 -1.097304466729390526e+00 2.653563341112926809e-04
2.011213420194112089e+00 -8.369141614745648772e-01 4.527325382137225738e-04
2.079091485032422248e+00 -7.520200246064302485e-01 6.311111810008758092e-04
2.146969549870732852e+00 -7.009189658733712136e-01 8.462009352446833157e-04
2.214847614709043011e+00 -6.795544613424661096e-01 1.096409653042597007e-03
2.282725679547353614e+00 -6.731470398079719697e-01 1.396347971773106685e-03
2.350603744385663774e+00 -6.774363070442906976e-01 1.756572673109521978e-03
2.418481809223974377e+00 -6.814104230311022192e-01 2.210528718213681035e-03
2.486359874062284536e+00 -6.807561939798550954e-01 2.796664523032696935e-03
2.554237938900595140e+00 -7.006299468277676912e-01 3.455577153874765835e-03
2.622116003738905299e+00 -7.020865357476842039e-01 4.361234077184703364e-03
2.689994068577215458e+00 -7.177170956585164907e-01 5.415159015532491210e-03
2.757872133415526061e+00 -8.078136580660637556e-01 6.171347906252777453e-03
2.825750198253836221e+00 -8.382626695845013520e-01 7.533080730593793954e-03
2.893628263092146824e+00 -8.999429184670190152e-01 8.870530521178443886e-03
2.961506327930456983e+00 -9.143644845513055897e-01 1.102950212600621420e-02
3.029384392768767587e+00 -9.932768800063390691e-01 1.273259157177315630e-02
3.097262457607077746e+00 -9.657339445470898287e-01 1.661519234591093269e-02
