# 7.424681795174461
2.167368114022375281e+00 -5.873792186643404634e+00 6.547235659067632274e-02
2.186586569973397509e+00 -5.373229664601777422e+00 3.931917492125996255e-02
2.205805025924420182e+00 -5.176624845697584298e+00 3.350654671386142647e-02
2.225023481875442855e+00 -5.063245392322661687e+00 3.142444583238222094e-02
2.244241937826465083e+00 -5.066515303677267212e+00 3.370778904405683646e-02
2.263460393777487756e+00 -5.079748911208864293e+00 3.657419322434121017e-02
2.282678849728510428e+00 -5.125989677224529473e+00 4.122140800096604080e-02
2.301897305679532657e+00 -5.194579195782045744e+00 4.767001242371640690e-02
2.321115761630555774e+00 -5.256661370851468895e+00 5.471596166112598081e-02
2.340334217581578002e+00 -5.345134038676640387e+00 6.474079891924822139e-02
2.359552673532600675e+00 -5.449329490764633022e+00 7.800159159079525506e-02
2.378771129483623348e+00 -5.521307980728255238e+00 9.055665942227740517e-02
2.397989585434645576e+00 -5.679252413214543438e+00 1.160700825891760185e-01
2.417208041385668249e+00 -5.864635094047759623e+00 1.535462865928438336e-01
2.436426497336690922e+00 -5.931918462803000835e+00 1.772999797948916212e-01
2.455644953287713150e+00 -6.175293090613915403e+00 2.507400360344114731e-01
2.474863409238736267e+00 -5.895788973144489908e+00 1.942223967577446364e-01
2.494081865189758496e+00 -6.059982354907780255e+00 2.507400360344114731e-01
2.513300321140781168e+00 -6.178418246110382483e+00 3.070925731856876673e-01
2.532518777091803841e+00 -6.120762878257325568e+00 3.070925731856877228e-01
