# 1.4926757485402598
1.926017289001204391e+00 -2.715120334577403316e+00 6.191583866404320319e-03
1.981589097977420000e+00 -2.137387779897855555e+00 3.857386853753305440e-03
2.037160906953635386e+00 -1.829649755396017152e+00 3.279305649810325060e-03
2.092732715929850773e+00 -1.703145016970756931e+00 3.434687594582679603e-03
2.148304524906066160e+00 -1.664530811428374779e+00 3.980502052550323813e-03
2.203876333882281546e+00 -1.640324823526917886e+00 4.690213060738472779e-03
2.259448142858497377e+00 -1.661405754452879080e+00 5.822248673928869661e-03
2.315019951834712764e+00 -1.685346072168271814e+00 7.251345914150093483e-03
2.370591760810928150e+00 -1.685972195576862731e+00 8.792034794314220955e-03
2.426163569787143537e+00 -1.721955164169347352e+00 1.110295541564673347e-02
2.481735378763358923e+00 -1.741236009746647717e+00 1.375424424371478153e-02
2.537307187739574754e+00 -1.802363729487508337e+00 1.787962086825573352e-02
2.592878996715790141e+00 -1.855050316228130880e+00 2.301756150579536628e-02
2.648450805692005527e+00 -1.895392613587249198e+00 2.921380825590413205e-02
2.704022614668220914e+00 -2.008611471116795499e+00 4.032323034272593254e-02
2.759594423644436301e+00 -2.093440676772211795e+00 5.386760079642761989e-02
2.815166232620651687e+00 -2.116389316088520989e+00 6.701309342772285293e-02
2.870738041596867074e+00 -2.396831920502094260e+00 1.121343530507381836e-01
2.926309850573082905e+00 -2.406207752629131225e+00 1.373359738057053636e-01
2.981881659549298291e+00 -2.938462330036500259e+00 3.070925731856877228e-01
