# 0.0
2.011213420194112089e+00 -8.369141614745648772e-01 3.109967640303987722e-03
2.079091485032422248e+00 -7.520200246064302485e-01 3.565544811283139978e-03
2.146969549870732852e+00 -7.009189658733712136e-01 4.250034611344512096e-03
2.214847614709043011e+00 -6.795544613424661096e-01 5.242365680933203619e-03
2.282725679547353614e+00 -6.731470398079719697e-01 6.578709332240817616e-03
2.350603744385663774e+00 -6.774363070442906976e-01 8.358001201147048989e-03
2.418481809223974377e+00 -6.814104230311022192e-01 1.061467214013419973e-02
2.486359874062284536e+00 -6.807561939798550954e-01 1.340900544725352229e-02
2.554237938900595140e+00 -7.006299468277676912e-01 1.734405095953031953e-02
2.622116003738905299e+00 -7.020865357476842039e-01 2.196321599418438533e-02
2.689994068577215458e+00 -7.177170956585164907e-01 2.827016282198273334e-02
2.757872133415526061e+00 -8.078136580660637556e-01 3.964548072307169657e-02
2.825750198253836221e+00 -8.382626695845013520e-01 5.190811896468246200e-02
2.893628263092146824e+00 -8.999429184670190152e-01 7.045186804359374055e-02
2.961506327930456983e+00 -9.143644845513055897e-01 9.055665942227739129e-02
3.029384392768767587e+00 -9.932768800063390691e-01 1.253700180172057366e-01
3.097262457607077746e+00 -9.657339445470898287e-01 1.535462865928438336e-01
